name: Humboldt wind data
wind_resource:
  probability:
    data:
    - [0.08132355778506656, 0.12820760177503374, 0.1605247925911634, 0.1581130619332433, 0.14451090102257377, 0.11730657920123479, 0.08392822689562028, 0.0724483889639205, 0.04061354427937488, 0.011865714836967004, 0.001157630715801659]
    - [0.0976512637222364, 0.14437069185601223, 0.17155986724534078, 0.16709216236916005, 0.13249936175644622, 0.10211896859841715, 0.08297166198621393, 0.060377840183814147, 0.03203982639775338, 0.008807761041613479, 0.0005105948429920857]
    - [0.12515209455936036, 0.18320876064661917, 0.18929254302103252, 0.15678776290630975, 0.11541804276029898, 0.08569442030245089, 0.07370067790717887, 0.045367634277768125, 0.020858682426560058, 0.004519381192421346, 0.0]
    - [0.15975103734439833, 0.21991701244813275, 0.2081604426002766, 0.1394651913324112, 0.1028123559243891, 0.06961733517750114, 0.054863992623328715, 0.032042415859843236, 0.011987090825265098, 0.0013831258644536651, 0.0]
    - [0.19050517346317708, 0.2288496652465003, 0.21393791844187457, 0.14242239805234325, 0.0973828362751065, 0.057821059038344474, 0.039257455873402305, 0.023128423615337793, 0.006390748630553863, 0.0003043213633597078, 0.0]
    - [0.2241979126401237, 0.24816389640510245, 0.2013915732508697, 0.13142636258214146, 0.09006571318129107, 0.05334364128333978, 0.029764205643602624, 0.018940858136838035, 0.0027058368766911477, 0.0, 0.0]
    - [0.2560270009643202, 0.26374156219864997, 0.19189971070395373, 0.13162970106075217, 0.07473481195756991, 0.04628736740597879, 0.023625843780135006, 0.010607521697203472, 0.0014464802314368371, 0.0, 0.0]
    - [0.2819548872180451, 0.2731829573934837, 0.18984962406015038, 0.13533834586466167, 0.05388471177944862, 0.039473684210526314, 0.018796992481203006, 0.005012531328320803, 0.0018796992481203006, 0.0006265664160401003, 0.0]
    - [0.3242009132420091, 0.2922374429223744, 0.1780821917808219, 0.10502283105022829, 0.04490106544901065, 0.0334855403348554, 0.01750380517503805, 0.0030441400304414006, 0.0007610350076103501, 0.0007610350076103501, 0.0]
    - [0.3565380997177799, 0.3160865475070555, 0.16086547507055504, 0.08090310442144874, 0.03951081843838194, 0.031044214487300093, 0.014111006585136409, 0.0009407337723424272, 0.0, 0.0, 0.0]
    - [0.38089480048367597, 0.3228536880290206, 0.16324062877871828, 0.0701330108827086, 0.030229746070133012, 0.02297460701330109, 0.008464328899637245, 0.0012091898428053206, 0.0, 0.0, 0.0]
    - [0.41225626740947074, 0.2883008356545961, 0.17548746518105848, 0.06685236768802227, 0.03481894150417827, 0.018105849582172703, 0.004178272980501392, 0.0, 0.0, 0.0, 0.0]
    - [0.4571890145395799, 0.2504038772213247, 0.159935379644588, 0.07754442649434572, 0.03554119547657512, 0.014539579967689821, 0.004846526655896607, 0.0, 0.0, 0.0, 0.0]
    - [0.48638132295719844, 0.25486381322957197, 0.14785992217898833, 0.05836575875486382, 0.029182879377431907, 0.017509727626459144, 0.005836575875486381, 0.0, 0.0, 0.0, 0.0]
    - [0.49069767441860457, 0.2837209302325581, 0.13488372093023254, 0.053488372093023255, 0.025581395348837205, 0.009302325581395349, 0.002325581395348837, 0.0, 0.0, 0.0, 0.0]
    - [0.505464480874317, 0.26775956284153, 0.13114754098360654, 0.06010928961748633, 0.030054644808743165, 0.00273224043715847, 0.00273224043715847, 0.0, 0.0, 0.0, 0.0]
    - [0.5316455696202532, 0.23101265822784808, 0.14556962025316456, 0.05063291139240506, 0.0379746835443038, 0.0, 0.003164556962025317, 0.0, 0.0, 0.0, 0.0]
    - [0.533112582781457, 0.27814569536423844, 0.11589403973509936, 0.036423841059602655, 0.029801324503311265, 0.0, 0.0066225165562913925, 0.0, 0.0, 0.0, 0.0]
    - [0.5206896551724138, 0.31034482758620696, 0.09310344827586209, 0.03793103448275863, 0.024137931034482765, 0.0034482758620689663, 0.010344827586206898, 0.0, 0.0, 0.0, 0.0]
    - [0.5529411764705883, 0.2549019607843137, 0.10196078431372549, 0.058823529411764705, 0.0196078431372549, 0.00392156862745098, 0.00784313725490196, 0.0, 0.0, 0.0, 0.0]
    - [0.5497630331753555, 0.2796208530805687, 0.10426540284360189, 0.052132701421800945, 0.009478672985781991, 0.0, 0.004739336492890996, 0.0, 0.0, 0.0, 0.0]
    - [0.5474860335195532, 0.29608938547486036, 0.1005586592178771, 0.044692737430167606, 0.011173184357541902, 0.0, 0.0, 0.0, 0.0, 0.0, 0.0]
    - [0.5614035087719299, 0.304093567251462, 0.08187134502923979, 0.040935672514619895, 0.011695906432748539, 0.0, 0.0, 0.0, 0.0, 0.0, 0.0]
    - [0.6092715231788078, 0.3245033112582781, 0.04635761589403972, 0.01324503311258278, 0.00662251655629139, 0.0, 0.0, 0.0, 0.0, 0.0, 0.0]
    - [0.6742424242424243, 0.28030303030303033, 0.030303030303030304, 0.015151515151515154, 0.0, 0.0, 0.0, 0.0, 0.0, 0.0, 0.0]
    - [0.5928571428571427, 0.3357142857142857, 0.049999999999999996, 0.014285714285714284, 0.007142857142857142, 0.0, 0.0, 0.0, 0.0, 0.0, 0.0]
    - [0.6015037593984963, 0.31578947368421056, 0.06766917293233082, 0.0075187969924812035, 0.0075187969924812035, 0.0, 0.0, 0.0, 0.0, 0.0, 0.0]
    - [0.6722689075630253, 0.226890756302521, 0.07563025210084033, 0.008403361344537815, 0.01680672268907563, 0.0, 0.0, 0.0, 0.0, 0.0, 0.0]
    - [0.6782608695652174, 0.20869565217391303, 0.06956521739130435, 0.017391304347826087, 0.02608695652173913, 0.0, 0.0, 0.0, 0.0, 0.0, 0.0]
    - [0.6605504587155964, 0.24770642201834864, 0.045871559633027525, 0.027522935779816515, 0.01834862385321101, 0.0, 0.0, 0.0, 0.0, 0.0, 0.0]
    - [0.6976744186046512, 0.2441860465116279, 0.023255813953488375, 0.023255813953488375, 0.011627906976744188, 0.0, 0.0, 0.0, 0.0, 0.0, 0.0]
    - [0.704225352112676, 0.21126760563380279, 0.02816901408450704, 0.02816901408450704, 0.02816901408450704, 0.0, 0.0, 0.0, 0.0, 0.0, 0.0]
    - [0.6455696202531646, 0.189873417721519, 0.10126582278481014, 0.0379746835443038, 0.025316455696202535, 0.0, 0.0, 0.0, 0.0, 0.0, 0.0]
    - [0.5957446808510639, 0.25531914893617025, 0.09574468085106384, 0.04255319148936171, 0.010638297872340427, 0.0, 0.0, 0.0, 0.0, 0.0, 0.0]
    - [0.5731707317073171, 0.2804878048780488, 0.060975609756097573, 0.02439024390243903, 0.060975609756097573, 0.0, 0.0, 0.0, 0.0, 0.0, 0.0]
    - [0.5974025974025973, 0.22077922077922074, 0.0779220779220779, 0.025974025974025972, 0.0779220779220779, 0.0, 0.0, 0.0, 0.0, 0.0, 0.0]
    - [0.5925925925925926, 0.2716049382716049, 0.0617283950617284, 0.037037037037037035, 0.037037037037037035, 0.0, 0.0, 0.0, 0.0, 0.0, 0.0]
    - [0.6071428571428571, 0.2976190476190476, 0.03571428571428571, 0.03571428571428571, 0.023809523809523808, 0.0, 0.0, 0.0, 0.0, 0.0, 0.0]
    - [0.6309523809523809, 0.23809523809523808, 0.03571428571428572, 0.04761904761904762, 0.047619047619047616, 0.0, 0.0, 0.0, 0.0, 0.0, 0.0]
    - [0.6216216216216216, 0.21621621621621623, 0.04054054054054054, 0.06756756756756757, 0.05405405405405406, 0.0, 0.0, 0.0, 0.0, 0.0, 0.0]
    - [0.6056338028169015, 0.25352112676056343, 0.028169014084507046, 0.07042253521126762, 0.04225352112676057, 0.0, 0.0, 0.0, 0.0, 0.0, 0.0]
    - [0.6, 0.2615384615384615, 0.06153846153846153, 0.04615384615384615, 0.030769230769230767, 0.0, 0.0, 0.0, 0.0, 0.0, 0.0]
    - [0.6621621621621622, 0.22972972972972971, 0.06756756756756757, 0.013513513513513514, 0.02702702702702703, 0.0, 0.0, 0.0, 0.0, 0.0, 0.0]
    - [0.6162790697674417, 0.2441860465116279, 0.10465116279069767, 0.011627906976744186, 0.023255813953488372, 0.0, 0.0, 0.0, 0.0, 0.0, 0.0]
    - [0.5584415584415584, 0.2727272727272727, 0.14285714285714282, 0.012987012987012986, 0.012987012987012986, 0.0, 0.0, 0.0, 0.0, 0.0, 0.0]
    - [0.5, 0.328125, 0.09375, 0.0625, 0.015625, 0.0, 0.0, 0.0, 0.0, 0.0, 0.0]
    - [0.4794520547945206, 0.31506849315068497, 0.10958904109589042, 0.05479452054794521, 0.04109589041095891, 0.0, 0.0, 0.0, 0.0, 0.0, 0.0]
    - [0.4305555555555556, 0.3055555555555555, 0.19444444444444445, 0.01388888888888889, 0.041666666666666664, 0.01388888888888889, 0.0, 0.0, 0.0, 0.0, 0.0]
    - [0.39215686274509803, 0.3529411764705882, 0.19607843137254902, 0.0392156862745098, 0.0, 0.0196078431372549, 0.0, 0.0, 0.0, 0.0, 0.0]
    - [0.5283018867924528, 0.22641509433962262, 0.15094339622641506, 0.03773584905660377, 0.056603773584905655, 0.0, 0.0, 0.0, 0.0, 0.0, 0.0]
    - [0.5492957746478874, 0.16901408450704228, 0.16901408450704228, 0.04225352112676057, 0.04225352112676057, 0.028169014084507046, 0.0, 0.0, 0.0, 0.0, 0.0]
    - [0.5624999999999999, 0.1875, 0.15, 0.024999999999999998, 0.0375, 0.0375, 0.0, 0.0, 0.0, 0.0, 0.0]
    - [0.5238095238095238, 0.20238095238095238, 0.14285714285714288, 0.02380952380952381, 0.059523809523809534, 0.047619047619047616, 0.0, 0.0, 0.0, 0.0, 0.0]
    - [0.5056179775280899, 0.21348314606741575, 0.1460674157303371, 0.05617977528089889, 0.04494382022471911, 0.03370786516853933, 0.0, 0.0, 0.0, 0.0, 0.0]
    - [0.46739130434782616, 0.28260869565217395, 0.11956521739130434, 0.07608695652173914, 0.02173913043478261, 0.03260869565217391, 0.0, 0.0, 0.0, 0.0, 0.0]
    - [0.49425287356321845, 0.24137931034482757, 0.08045977011494253, 0.08045977011494253, 0.034482758620689655, 0.04597701149425287, 0.022988505747126436, 0.0, 0.0, 0.0, 0.0]
    - [0.47252747252747257, 0.2087912087912088, 0.0879120879120879, 0.0879120879120879, 0.06593406593406594, 0.054945054945054944, 0.021978021978021976, 0.0, 0.0, 0.0, 0.0]
    - [0.3870967741935484, 0.27956989247311825, 0.13978494623655913, 0.07526881720430108, 0.053763440860215055, 0.053763440860215055, 0.0, 0.01075268817204301, 0.0, 0.0, 0.0]
    - [0.443298969072165, 0.20618556701030927, 0.18556701030927833, 0.06185567010309278, 0.041237113402061855, 0.04123711340206185, 0.010309278350515464, 0.010309278350515464, 0.0, 0.0, 0.0]
    - [0.41964285714285715, 0.1964285714285714, 0.1607142857142857, 0.08928571428571429, 0.0625, 0.044642857142857144, 0.017857142857142856, 0.008928571428571428, 0.0, 0.0, 0.0]
    - [0.33884297520661155, 0.28099173553719003, 0.10743801652892562, 0.09917355371900825, 0.11570247933884298, 0.024793388429752063, 0.008264462809917356, 0.01652892561983471, 0.008264462809917356, 0.0, 0.0]
    - [0.3859649122807018, 0.25438596491228077, 0.07017543859649124, 0.10526315789473686, 0.10526315789473686, 0.04385964912280703, 0.01754385964912281, 0.008771929824561405, 0.008771929824561405, 0.0, 0.0]
    - [0.32539682539682546, 0.20634920634920637, 0.11111111111111112, 0.08730158730158731, 0.08730158730158731, 0.08730158730158731, 0.06349206349206349, 0.02380952380952381, 0.0, 0.007936507936507938, 0.0]
    - [0.24698795180722893, 0.2108433734939759, 0.1566265060240964, 0.09036144578313254, 0.0963855421686747, 0.07228915662650602, 0.06024096385542169, 0.04819277108433735, 0.012048192771084338, 0.006024096385542169, 0.0]
    - [0.2698412698412698, 0.21164021164021166, 0.14285714285714285, 0.08994708994708994, 0.10582010582010583, 0.06878306878306878, 0.052910052910052914, 0.03703703703703704, 0.015873015873015872, 0.005291005291005291, 0.0]
    - [0.26442307692307687, 0.21634615384615385, 0.14903846153846154, 0.07692307692307691, 0.10096153846153845, 0.07211538461538461, 0.0673076923076923, 0.028846153846153844, 0.014423076923076922, 0.004807692307692308, 0.004807692307692308]
    - [0.26666666666666666, 0.20476190476190476, 0.1476190476190476, 0.10952380952380951, 0.06666666666666667, 0.08095238095238094, 0.0619047619047619, 0.028571428571428567, 0.028571428571428567, 0.0, 0.0047619047619047615]
    - [0.3, 0.19166666666666665, 0.1, 0.10833333333333334, 0.06666666666666667, 0.08333333333333334, 0.05, 0.05, 0.0375, 0.008333333333333333, 0.004166666666666667]
    - [0.30872483221476504, 0.16778523489932884, 0.10067114093959731, 0.10067114093959731, 0.09731543624161072, 0.06375838926174496, 0.05369127516778523, 0.053691275167785234, 0.036912751677852344, 0.013422818791946308, 0.003355704697986577]
    - [0.2676470588235294, 0.1411764705882353, 0.13823529411764707, 0.10588235294117647, 0.11176470588235295, 0.0588235294117647, 0.0588235294117647, 0.04411764705882353, 0.032352941176470584, 0.029411764705882356, 0.011764705882352941]
    - [0.24538258575197888, 0.14775725593667546, 0.1424802110817942, 0.09762532981530343, 0.08443271767810026, 0.06332453825857519, 0.058047493403693924, 0.058047493403693924, 0.04485488126649076, 0.03430079155672823, 0.023746701846965697]
    - [0.21493212669683256, 0.14027149321266968, 0.1334841628959276, 0.09502262443438914, 0.07239819004524888, 0.09276018099547512, 0.06108597285067874, 0.07918552036199095, 0.05882352941176471, 0.020361990950226245, 0.031674208144796386]
    - [0.16374269005847952, 0.11306042884990254, 0.1267056530214425, 0.10136452241715399, 0.09551656920077972, 0.0935672514619883, 0.1033138401559454, 0.07602339181286549, 0.062378167641325526, 0.027290448343079924, 0.037037037037037035]
    - [0.13107511045655376, 0.12665684830633286, 0.11045655375552282, 0.09720176730486009, 0.10751104565537556, 0.09131075110456556, 0.10603829160530193, 0.08100147275405008, 0.07658321060382917, 0.04123711340206186, 0.030927835051546393]
    - [0.14403778040141677, 0.1322314049586777, 0.10743801652892561, 0.07792207792207792, 0.08264462809917356, 0.09799291617473438, 0.10035419126328217, 0.08264462809917356, 0.07910271546635184, 0.0602125147579693, 0.03541912632821724]
    - [0.13273453093812376, 0.1277445109780439, 0.09181636726546906, 0.08283433133732535, 0.07684630738522953, 0.1027944111776447, 0.1057884231536926, 0.07684630738522953, 0.08183632734530939, 0.07385229540918165, 0.046906187624750496]
    - [0.10105949470252651, 0.1010594947025265, 0.07986960065199675, 0.0880195599022005, 0.09942950285248575, 0.09698451507742463, 0.09698451507742463, 0.10187449062754687, 0.09209453952730237, 0.07090464547677262, 0.071719641401793]
    - [0.09462915601023017, 0.08695652173913042, 0.0748081841432225, 0.08503836317135549, 0.09846547314578004, 0.09398976982097185, 0.09526854219948848, 0.11956521739130434, 0.10038363171355498, 0.06905370843989769, 0.08184143222506392]
    - [0.0793733681462141, 0.09242819843342036, 0.07258485639686683, 0.08929503916449086, 0.0929503916449086, 0.10443864229765012, 0.09451697127937336, 0.12637075718015664, 0.09347258485639687, 0.07676240208877284, 0.07780678851174935]
    - [0.07046678635547576, 0.08213644524236983, 0.07091561938958707, 0.0848294434470377, 0.09784560143626571, 0.10816876122082583, 0.10502692998204667, 0.12342908438061041, 0.09021543985637342, 0.08886894075403949, 0.07809694793536805]
    - [0.06990881458966566, 0.07256838905775076, 0.071048632218845, 0.08852583586626141, 0.10524316109422492, 0.10676291793313071, 0.121580547112462, 0.11398176291793316, 0.10714285714285715, 0.08206686930091187, 0.061170212765957445]
    - [0.06266846361185983, 0.06704851752021564, 0.08119946091644205, 0.10107816711590298, 0.10040431266846361, 0.11185983827493261, 0.13544474393530997, 0.10815363881401618, 0.11152291105121293, 0.06435309973045822, 0.05626684636118597]
    - [0.058070558851077134, 0.06774898532625664, 0.08335935060880427, 0.09678426475179522, 0.11364345925694662, 0.12457071495472996, 0.13518576334686233, 0.10708710583827663, 0.10053075241960663, 0.05463627848891665, 0.05838276615672808]
    - [0.05823822066139888, 0.0717003219198127, 0.08955223880597013, 0.09247878255779925, 0.12554872695346792, 0.14193737196371084, 0.13608428446005266, 0.11208662569505413, 0.07696810067310504, 0.05004389815627743, 0.04536142815335089]
    - [0.05913827090960293, 0.07631653055477329, 0.09828217403548295, 0.11039143903125878, 0.12841453111799492, 0.15291467192340186, 0.1391157420444945, 0.1056040551957195, 0.05970149253731342, 0.03942551393973528, 0.030695578710222472]
    - [0.0636960087479497, 0.0874794969928923, 0.09568069983597594, 0.12356478950246036, 0.15254237288135591, 0.1558228540185894, 0.1320393657736468, 0.08857299070530344, 0.05194095133952979, 0.02952433023510115, 0.01913613996719519]
    - [0.07219324732363436, 0.09525116662091683, 0.11172110897611859, 0.13670052154817458, 0.15948394180620368, 0.14850398023606917, 0.12132857534998627, 0.07658523195168816, 0.04007685973099094, 0.023057919297282462, 0.015097447158934943]
    - [0.07694444444444447, 0.09666666666666668, 0.12944444444444447, 0.15138888888888893, 0.16333333333333336, 0.1525, 0.10222222222222223, 0.061944444444444455, 0.03305555555555556, 0.01666666666666667, 0.015833333333333335]
    - [0.07735114079020589, 0.10350584307178631, 0.13633834168057873, 0.15581524763494714, 0.17529215358931552, 0.15525876460767946, 0.08514190317195326, 0.050639955481357815, 0.029215358931552585, 0.016416249304396214, 0.015025041736227046]
    - [0.0876632801161103, 0.1227866473149492, 0.14194484760522494, 0.1590711175616836, 0.172133526850508, 0.1390420899854862, 0.0714078374455733, 0.04963715529753266, 0.02583454281567489, 0.01683599419448476, 0.013642960812772133]
    - [0.09999999999999999, 0.13529411764705881, 0.14489164086687303, 0.1678018575851393, 0.1674922600619195, 0.12321981424148606, 0.06563467492260062, 0.043653250773993804, 0.026625386996904025, 0.015170278637770897, 0.01021671826625387]
    - [0.11488511488511485, 0.13686313686313686, 0.15617715617715616, 0.17282717282717283, 0.1505161505161505, 0.11421911421911418, 0.06726606726606726, 0.043956043956043946, 0.02597402597402597, 0.01032301032301032, 0.006993006993006991]
    - [0.13231098430813124, 0.1522824536376605, 0.16405135520684735, 0.16726105563480742, 0.13017118402282454, 0.10449358059914407, 0.06562054208273894, 0.0485021398002853, 0.020328102710413694, 0.007132667617689015, 0.007845934379457917]
    - [0.13229126953869613, 0.17194052611513533, 0.1727030118185284, 0.16507815478459778, 0.13229126953869613, 0.08997331300038124, 0.05909264201296226, 0.0423179565383149, 0.020587113991612657, 0.007243614182234083, 0.006481128478841022]
    - [0.1365092073658927, 0.177742193755004, 0.17814251401120895, 0.16333066453162526, 0.1277021617293835, 0.09247397918334667, 0.05644515612489991, 0.03242594075260208, 0.020816653322658127, 0.008807045636509206, 0.005604483586869495]
    - [0.16133108677337823, 0.1794439764111204, 0.183235046335299, 0.1566975568660488, 0.1192080876158382, 0.0838247683235046, 0.0539174389216512, 0.026958719460825602, 0.0185341196293176, 0.012636899747262, 0.0042122999157540005]
    - [0.17904328018223237, 0.19225512528473807, 0.18405466970387246, 0.1539863325740319, 0.11389521640091117, 0.06879271070615037, 0.04783599088838269, 0.026879271070615038, 0.01822323462414579, 0.011389521640091117, 0.0036446469248291574]
    - [0.1856710393541877, 0.19727547931382441, 0.19122098890010092, 0.15338042381432898, 0.10090817356205853, 0.06861755802219982, 0.04540867810292634, 0.027245206861755807, 0.016145307769929364, 0.008072653884964682, 0.006054490413723512]
    - [0.1975108225108225, 0.20833333333333331, 0.204004329004329, 0.137987012987013, 0.08549783549783549, 0.06818181818181818, 0.043831168831168825, 0.02489177489177489, 0.015692640692640692, 0.008658008658008656, 0.005411255411255411]
    - [0.21646673936750277, 0.20610687022900762, 0.2011995637949837, 0.1292257360959651, 0.08178844056706654, 0.0703380588876772, 0.04525627044711014, 0.025081788440567066, 0.015267175572519087, 0.0070883315158124325, 0.0021810250817884407]
    - [0.22868663594470048, 0.2033410138248848, 0.19642857142857145, 0.12788018433179724, 0.08928571428571429, 0.06624423963133641, 0.04205069124423963, 0.028225806451612906, 0.012096774193548387, 0.004608294930875576, 0.001152073732718894]
    - [0.23047858942065488, 0.21284634760705287, 0.1971032745591939, 0.12153652392947102, 0.09760705289672543, 0.06360201511335012, 0.04093198992443325, 0.022670025188916875, 0.007556675062972291, 0.003148614609571788, 0.0025188916876574307]
    - [0.221419185282523, 0.22273324572930356, 0.19710906701708278, 0.11103810775295661, 0.08738501971090669, 0.08147174770039421, 0.04204993429697765, 0.02036793692509855, 0.010512483574244414, 0.002628120893561103, 0.0032851511169513796]
    - [0.227111426543648, 0.24201561391057488, 0.1859474804826118, 0.1057487579843861, 0.0794889992902768, 0.07877927608232789, 0.0383250532292406, 0.022001419446415895, 0.0127750177430802, 0.0042583392476933995, 0.0035486160397445]
    - [0.241724403387221, 0.23017705927636647, 0.17090069284064668, 0.11085450346420325, 0.09853733641262512, 0.06697459584295613, 0.04618937644341802, 0.020015396458814477, 0.006928406466512703, 0.0053887605850654365, 0.002309468822170901]
    - [0.24341580207501998, 0.21468475658419792, 0.160415003990423, 0.11412609736632083, 0.10694333599361534, 0.07501995211492418, 0.04628890662410216, 0.02314445331205108, 0.009577015163607342, 0.004788507581803671, 0.0015961691939345571]
    - [0.2616516762060507, 0.2207686017988553, 0.16516762060506948, 0.107113654946852, 0.0973017170891251, 0.0686835650040883, 0.041700735895339326, 0.026165167620605067, 0.007358953393295176, 0.003270645952575634, 0.0008176614881439084]
    - [0.2626441881100266, 0.22981366459627325, 0.17125110913930788, 0.10559006211180123, 0.08606921029281277, 0.06743566992014197, 0.04259094942324755, 0.025732031943212063, 0.004436557231588287, 0.0035492457852706293, 0.0008873114463176573]
    - [0.26889952153110047, 0.22775119617224882, 0.17129186602870813, 0.09952153110047847, 0.09377990430622007, 0.07368421052631578, 0.03349282296650718, 0.01913875598086124, 0.0066985645933014355, 0.0019138755980861245, 0.0038277511961722485]
    - [0.26526717557251905, 0.24522900763358776, 0.15744274809160308, 0.11927480916030533, 0.08396946564885496, 0.06965648854961831, 0.029580152671755726, 0.01812977099236641, 0.004770992366412214, 0.0038167938931297713, 0.0028625954198473282]
    - [0.2576808721506442, 0.24677898909811696, 0.15064420218037664, 0.14073339940535187, 0.06838453914767097, 0.06640237859266603, 0.034687809712586726, 0.023785926660059468, 0.004955401387512389, 0.004955401387512389, 0.000991080277502478]
    - [0.2679738562091503, 0.20915032679738566, 0.15686274509803924, 0.1328976034858388, 0.09150326797385622, 0.06753812636165578, 0.04248366013071896, 0.02178649237472767, 0.007625272331154686, 0.0010893246187363835, 0.0010893246187363835]
    - [0.26666666666666666, 0.1881720430107527, 0.16451612903225804, 0.11720430107526882, 0.1021505376344086, 0.07956989247311828, 0.048387096774193554, 0.02043010752688172, 0.00967741935483871, 0.0032258064516129032, 0.0]
    - [0.2762201453790239, 0.18587746625129806, 0.17757009345794394, 0.11318795430944964, 0.08515057113187956, 0.07372793354101764, 0.04984423676012461, 0.026998961578400833, 0.00726895119418484, 0.004153686396677051, 0.0]
    - [0.2652838427947598, 0.2096069868995633, 0.1834061135371179, 0.12882096069868995, 0.0796943231441048, 0.0611353711790393, 0.036026200873362446, 0.027292576419213975, 0.006550218340611353, 0.002183406113537118, 0.0]
    - [0.26022727272727275, 0.21818181818181823, 0.16704545454545458, 0.13863636363636367, 0.09318181818181821, 0.06704545454545456, 0.029545454545454552, 0.015909090909090914, 0.009090909090909092, 0.0011363636363636365, 0.0]
    - [0.2792056074766355, 0.20560747663551399, 0.13901869158878505, 0.15070093457943923, 0.10747663551401868, 0.05957943925233644, 0.035046728971962614, 0.016355140186915886, 0.007009345794392522, 0.0, 0.0]
    - [0.28869778869778867, 0.20147420147420148, 0.14373464373464373, 0.1375921375921376, 0.11302211302211301, 0.05528255528255529, 0.03316953316953317, 0.018427518427518427, 0.007371007371007371, 0.0, 0.0012285012285012285]
    - [0.3120759837177748, 0.17503392130257803, 0.17232021709633652, 0.12483039348710992, 0.10854816824966078, 0.061058344640434206, 0.02578018995929444, 0.01221166892808684, 0.0067842605156038, 0.0, 0.00135685210312076]
    - [0.3094910591471802, 0.19532324621733152, 0.17744154057771666, 0.12242090784044017, 0.10041265474552957, 0.06052269601100413, 0.01925722145804677, 0.011004126547455296, 0.004126547455295736, 0.0, 0.0]
    - [0.2849162011173185, 0.21368715083798887, 0.16480446927374306, 0.12709497206703915, 0.09776536312849164, 0.055865921787709515, 0.03910614525139666, 0.011173184357541903, 0.004189944134078213, 0.001396648044692738, 0.0]
    - [0.2751479289940829, 0.21301775147928997, 0.1627218934911243, 0.13757396449704146, 0.10059171597633138, 0.053254437869822494, 0.04142011834319528, 0.011834319526627222, 0.0014792899408284028, 0.0014792899408284028, 0.0014792899408284028]
    - [0.28404099560761353, 0.20937042459736466, 0.17130307467057104, 0.13909224011713034, 0.09956076134699855, 0.054172767203513925, 0.026354319180087852, 0.013177159590043926, 0.0, 0.0014641288433382142, 0.0014641288433382142]
    - [0.29071537290715377, 0.2054794520547946, 0.16286149162861494, 0.16742770167427704, 0.08980213089802132, 0.04414003044140031, 0.027397260273972608, 0.009132420091324202, 0.0015220700152207005, 0.0015220700152207005, 0.0]
    - [0.2989045383411581, 0.20970266040688582, 0.16744913928012523, 0.17683881064162757, 0.07981220657276997, 0.03912363067292646, 0.0187793427230047, 0.004694835680751175, 0.0031298904538341167, 0.0, 0.0015649452269170584]
    - [0.3115015974440895, 0.20447284345047925, 0.16932907348242812, 0.16293929712460065, 0.08146964856230034, 0.03993610223642173, 0.0207667731629393, 0.004792332268370608, 0.0031948881789137383, 0.0, 0.0015974440894568692]
    - [0.31362889983579645, 0.20197044334975375, 0.1428571428571429, 0.1642036124794746, 0.09359605911330052, 0.04761904761904763, 0.027914614121510677, 0.0032840722495894917, 0.0016420361247947459, 0.0016420361247947459, 0.0016420361247947459]
    - [0.3128119800332779, 0.22129783693843597, 0.14975041597337774, 0.15141430948419304, 0.09151414309484195, 0.043261231281198013, 0.023294509151414317, 0.001663893510815308, 0.001663893510815308, 0.001663893510815308, 0.001663893510815308]
    - [0.32274247491638797, 0.23745819397993312, 0.16722408026755853, 0.13210702341137123, 0.08193979933110367, 0.030100334448160532, 0.016722408026755852, 0.008361204013377926, 0.0033444816053511705, 0.0, 0.0]
    - [0.34991423670668953, 0.2058319039451115, 0.15780445969125215, 0.1269296740994854, 0.09433962264150943, 0.03773584905660377, 0.017152658662092625, 0.008576329331046312, 0.0017152658662092624, 0.0, 0.0]
    - [0.34782608695652173, 0.20869565217391303, 0.15304347826086953, 0.13391304347826086, 0.10608695652173912, 0.034782608695652174, 0.012173913043478259, 0.003478260869565217, 0.0, 0.0, 0.0]
    - [0.33907056798623064, 0.23924268502581755, 0.18760757314974183, 0.11531841652323581, 0.09122203098106713, 0.0189328743545611, 0.006884681583476764, 0.0017211703958691911, 0.0, 0.0, 0.0]
    - [0.33904761904761904, 0.22476190476190475, 0.22285714285714284, 0.07619047619047618, 0.09142857142857143, 0.03238095238095238, 0.013333333333333334, 0.0, 0.0, 0.0, 0.0]
    - [0.3244274809160305, 0.1984732824427481, 0.2080152671755725, 0.11068702290076336, 0.09541984732824427, 0.04389312977099236, 0.015267175572519083, 0.003816793893129771, 0.0, 0.0, 0.0]
    - [0.30490018148820325, 0.20508166969147004, 0.1996370235934664, 0.15245009074410162, 0.09437386569872959, 0.027223230490018152, 0.007259528130671507, 0.009074410163339383, 0.0, 0.0, 0.0]
    - [0.31578947368421056, 0.20864661654135344, 0.1973684210526316, 0.1447368421052632, 0.08458646616541354, 0.030075187969924817, 0.007518796992481205, 0.009398496240601507, 0.0, 0.0, 0.0018796992481203013]
    - [0.3745387453874539, 0.1955719557195572, 0.17158671586715868, 0.12915129151291513, 0.08118081180811808, 0.023985239852398522, 0.011070110701107012, 0.011070110701107012, 0.0, 0.0, 0.001845018450184502]
    - [0.36678832116788324, 0.2281021897810219, 0.17335766423357662, 0.12043795620437955, 0.07846715328467153, 0.020072992700729927, 0.005474452554744526, 0.0072992700729927005, 0.0, 0.0, 0.0]
    - [0.34458259325044405, 0.2575488454706927, 0.1953818827708703, 0.10657193605683835, 0.05506216696269982, 0.03552397868561278, 0.0035523978685612786, 0.0017761989342806393, 0.0, 0.0, 0.0]
    - [0.35932203389830497, 0.23220338983050845, 0.1932203389830508, 0.10677966101694913, 0.0694915254237288, 0.03050847457627118, 0.006779661016949151, 0.0016949152542372879, 0.0, 0.0, 0.0]
    - [0.34915254237288135, 0.23898305084745763, 0.19661016949152543, 0.1016949152542373, 0.06949152542372881, 0.03389830508474576, 0.010169491525423728, 0.0, 0.0, 0.0, 0.0]
    - [0.3478260869565218, 0.25585284280936454, 0.1956521739130435, 0.10702341137123747, 0.048494983277591976, 0.03344481605351171, 0.008361204013377928, 0.0016722408026755855, 0.0016722408026755855, 0.0, 0.0]
    - [0.347266881028939, 0.25723472668810293, 0.18006430868167206, 0.11414790996784568, 0.054662379421221874, 0.03376205787781351, 0.003215434083601287, 0.006430868167202573, 0.0016077170418006435, 0.0, 0.0016077170418006435]
    - [0.3348623853211009, 0.2614678899082569, 0.1834862385321101, 0.10091743119266056, 0.06574923547400613, 0.03975535168195719, 0.006116207951070337, 0.006116207951070337, 0.0, 0.0, 0.0015290519877675843]
    - [0.3444767441860465, 0.2572674418604651, 0.18023255813953487, 0.10174418604651161, 0.07122093023255813, 0.030523255813953484, 0.011627906976744186, 0.0029069767441860465, 0.0, 0.0, 0.0]
    - [0.36000000000000004, 0.25142857142857145, 0.17571428571428574, 0.10285714285714287, 0.07285714285714287, 0.022857142857142857, 0.012857142857142859, 0.0014285714285714288, 0.0, 0.0, 0.0]
    - [0.3739255014326648, 0.24641833810888253, 0.16332378223495703, 0.1031518624641834, 0.08309455587392552, 0.018624641833810893, 0.010028653295128942, 0.0, 0.0014326647564469916, 0.0, 0.0]
    - [0.369472182596291, 0.25106990014265335, 0.14835948644793154, 0.11840228245363767, 0.06990014265335236, 0.02710413694721826, 0.011412268188302424, 0.0014265335235378032, 0.0028530670470756064, 0.0, 0.0]
    - [0.3517730496453901, 0.26524822695035466, 0.148936170212766, 0.12624113475177307, 0.06666666666666668, 0.02836879432624114, 0.009929078014184398, 0.001418439716312057, 0.001418439716312057, 0.0, 0.0]
    - [0.33793103448275863, 0.27862068965517245, 0.14896551724137932, 0.11172413793103449, 0.0813793103448276, 0.030344827586206897, 0.006896551724137932, 0.0013793103448275863, 0.0013793103448275863, 0.0, 0.0013793103448275863]
    - [0.36363636363636376, 0.2795115332428766, 0.15603799185888742, 0.10312075983717778, 0.0542740841248304, 0.031207598371777483, 0.006784260515603801, 0.0027137042062415203, 0.0013568521031207602, 0.0, 0.0013568521031207602]
    - [0.3910171730515192, 0.2430647291941876, 0.17173051519154559, 0.10700132100396301, 0.043593130779392336, 0.036988110964332896, 0.005284015852047556, 0.001321003963011889, 0.0, 0.0, 0.0]
    - [0.3799237611181702, 0.22363405336721728, 0.16645489199491742, 0.11944091486658198, 0.057179161372299885, 0.04193138500635324, 0.006353240152477764, 0.0025412960609911056, 0.0025412960609911056, 0.0, 0.0]
    - [0.37767220902612825, 0.2517814726840855, 0.1496437054631829, 0.1163895486935867, 0.060570071258907364, 0.032066508313539195, 0.005938242280285036, 0.0023752969121140144, 0.0023752969121140144, 0.0, 0.0011876484560570072]
    - [0.37471264367816093, 0.25747126436781614, 0.1574712643678161, 0.10804597701149425, 0.07011494252873564, 0.026436781609195402, 0.0034482758620689655, 0.0, 0.0011494252873563218, 0.0, 0.0011494252873563218]
    - [0.3618721461187214, 0.2579908675799087, 0.15753424657534248, 0.11073059360730594, 0.07534246575342465, 0.023972602739726023, 0.0091324200913242, 0.00228310502283105, 0.001141552511415525, 0.0, 0.0]
    - [0.33665559246954596, 0.28017718715393136, 0.14839424141749724, 0.10852713178294575, 0.07198228128460687, 0.03211517165005537, 0.016611295681063124, 0.00221483942414175, 0.00221483942414175, 0.0, 0.001107419712070875]
    - [0.35841584158415846, 0.2861386138613861, 0.14455445544554454, 0.09405940594059405, 0.060396039603960394, 0.0396039603960396, 0.011881188118811881, 0.0009900990099009901, 0.0019801980198019802, 0.0, 0.0019801980198019802]
    - [0.3591417910447761, 0.2891791044776119, 0.14832089552238806, 0.09981343283582089, 0.04757462686567163, 0.0457089552238806, 0.007462686567164179, 0.0018656716417910447, 0.0, 0.0, 0.0009328358208955224]
    - [0.33044982698961933, 0.2837370242214533, 0.157439446366782, 0.11418685121107265, 0.05190311418685121, 0.04930795847750865, 0.007785467128027681, 0.003460207612456747, 0.0, 0.0017301038062283738, 0.0]
    - [0.33125972006220844, 0.27760497667185074, 0.15785381026438572, 0.12363919129082429, 0.05832037325038882, 0.034214618973561435, 0.00933125972006221, 0.0038880248833592546, 0.0023328149300155523, 0.0015552099533437018, 0.0]
    - [0.32898550724637676, 0.2927536231884058, 0.16159420289855073, 0.11521739130434781, 0.0572463768115942, 0.022463768115942025, 0.010869565217391302, 0.006521739130434781, 0.0028985507246376808, 0.0007246376811594202, 0.0007246376811594202]
    - [0.32470119521912344, 0.31407702523240366, 0.16600265604249664, 0.0942895086321381, 0.052456839309428946, 0.022576361221779542, 0.011952191235059759, 0.009960159362549799, 0.0026560424966799463, 0.0006640106241699866, 0.0006640106241699866]
    - [0.32686476652516677, 0.3080654942389327, 0.1643420254699818, 0.09702850212249849, 0.056397816858702245, 0.020618556701030927, 0.013341419041843541, 0.009702850212249849, 0.0030321406913280777, 0.0006064281382656155, 0.0]
    - [0.3021001615508886, 0.2929456112008616, 0.17985998922994076, 0.10931610123855683, 0.06731287022078622, 0.02530963920301562, 0.010231556273559506, 0.010231556273559506, 0.0016155088852988692, 0.0010770059235325796, 0.0]
    - [0.2561307901907357, 0.2833787465940054, 0.21752951861943684, 0.12897366030881016, 0.0690281562216167, 0.025885558583106264, 0.008628519527702088, 0.008174386920980926, 0.0009082652134423251, 0.0009082652134423251, 0.00045413260672116256]
    - [0.23109243697478987, 0.27234530175706645, 0.23109243697478987, 0.14629488158899923, 0.0718105423987777, 0.030939648586707405, 0.009549274255156608, 0.004965622612681436, 0.0007639419404125286, 0.0003819709702062643, 0.0007639419404125286]
    - [0.21300448430493268, 0.25656630365150546, 0.21204356181934653, 0.16399743754003843, 0.09801409352978858, 0.03491351697629724, 0.013452914798206275, 0.005124919923126201, 0.0016015374759769377, 0.00032030749519538755, 0.0009609224855861625]
    - [0.18021472392638035, 0.23185071574642127, 0.20858895705521466, 0.17101226993865026, 0.12065439672801634, 0.054192229038854796, 0.02300613496932515, 0.007157464212678936, 0.0020449897750511245, 0.0007668711656441717, 0.0005112474437627811]
    - [0.1393809616507689, 0.19563947829472453, 0.2063461164103562, 0.17636752968658748, 0.13704496788008563, 0.08857309713840762, 0.03834923106871714, 0.014794627214327423, 0.002141327623126338, 0.001362663032898579, 0.0]
    - [0.11182108626198081, 0.15582340981702003, 0.1854487365669474, 0.17746151611966307, 0.16032529770548937, 0.11574208539064768, 0.059686320069706644, 0.025994772001161775, 0.005663665408074353, 0.002033110659308742, 0.0]
    - [0.08604819526321232, 0.12245320095149446, 0.15327334781259694, 0.16340883235081188, 0.17706070948391767, 0.1452063295066708, 0.08935774123487435, 0.04540283379873824, 0.0136518771331058, 0.004033509152963078, 0.0001034233116144379]
    - [0.0626128403264245, 0.09222214198021234, 0.12609229435978914, 0.14963530006499606, 0.17830577020293203, 0.16747309886618042, 0.12262583953202862, 0.06737921571459522, 0.02440961941214704, 0.008738354878312992, 0.0005055246623817435]
    - [0.045735027223230494, 0.07145449831475241, 0.10106300233341978, 0.14114596836919888, 0.17422867513611617, 0.18688099559242938, 0.1485610578169562, 0.08571428571428573, 0.03277158413274567, 0.011667098781436352, 0.0007778065854290901]
    - [0.03655299983915072, 0.05907189963004665, 0.08641627794756314, 0.13290172108734116, 0.1665996461315747, 0.19458742158597395, 0.160326524046968, 0.1052758565224385, 0.04254463567637125, 0.01411452469036513, 0.001608492842206852]
    - [0.032687393526405456, 0.05486939239068711, 0.08446905167518455, 0.12876206700738216, 0.1607396365701306, 0.18480266893810335, 0.16315303804656447, 0.11477853492333903, 0.05447898921067575, 0.018206984667802385, 0.003052243043725156]
    - [0.03214194815111079, 0.05555757553721412, 0.08984474420972256, 0.13445805912082318, 0.16183689052103403, 0.17318110751554375, 0.15551030796640367, 0.11042431734719849, 0.05901174417336291, 0.02188852125222703, 0.006144784205359415]
    - [0.03600136822302035, 0.05909013169146571, 0.10466906105695227, 0.14712673165726012, 0.1634171369933299, 0.1603386351975372, 0.14169659654523686, 0.09795621686334872, 0.059988028048571916, 0.02210535317256713, 0.0076107405507097655]
    - [0.04490790899241604, 0.07448537378114843, 0.1227518959913326, 0.15845070422535212, 0.15910075839653304, 0.13894907908992415, 0.12892741061755145, 0.08846153846153845, 0.058613217768147347, 0.019230769230769232, 0.006121343445287107]
    - [0.05483304042179263, 0.09750439367311071, 0.13954305799648506, 0.16400702987697716, 0.14868189806678384, 0.1230931458699473, 0.11360281195079087, 0.08674868189806678, 0.051107205623901586, 0.015746924428822497, 0.005131810193321616]
    dims: [wind_direction, wind_speed]
  sector_probability:
